0,408
0,407
0,406
0,405
0,404
0,386
0,273
0,270
3,2
10,68
10,30
10,226
10,193
10,159
10,102
10,2
10,3
11,19
11,7
11,8
11,20
11,15
11,23
11,2
11,3
9,4
9,6
9,2
9,3
8,15
8,4
8,6
8,14
8,7
8,12
8,2
8,3
12,2
12,1
12,3
20,2
20,1
20,3
27,5
19,2
27,4
19,1
27,3
19,3
27,2
27,1
27,0
26,3
26,2
26,1
26,0
11,30
11,29
11,28
11,27
11,26
11,1
11,25
10,316
10,315
10,314
10,313
10,312
10,311
10,310
10,309
10,308
10,307
10,306
10,305
10,304
10,303
10,302
10,301
10,300
10,299
10,298
10,297
10,296
10,295
10,294
10,293
10,292
10,291
10,290
10,289
10,288
10,287
10,286
10,285
10,284
10,283
10,282
10,281
10,280
10,279
